1 380 74
1 384 73
1 389 73
1 393 72
1 400 72
1 407 72
1 414 73
1 424 75
1 429 80
1 436 83
1 442 88
1 447 91
1 454 95
1 459 100
1 465 104
1 470 112
1 474 116
1 475 122
1 480 123
1 484 133
1 481 128
1 484 136
1 489 144
1 492 150
1 497 157
1 503 163
1 507 174
1 510 181
1 516 192
1 519 201
1 522 209
1 522 220
1 522 230
1 526 235
1 525 245
1 526 257
1 528 267
1 529 273
1 528 285
1 528 291
1 532 301
1 532 310
1 532 318
1 532 328
1 533 337
1 534 348
1 534 353
1 534 363
1 534 373
1 533 380
1 531 396
1 534 387
1 371 75
1 364 75
1 353 81
1 356 77
1 346 86
1 340 88
1 338 92
1 329 98
1 326 104
1 322 110
1 318 117
1 313 123
1 309 128
1 306 134
1 300 143
1 298 151
1 293 156
1 291 164
1 288 172
1 284 178
1 281 187
1 279 192
1 275 200
1 272 209
1 269 221
1 268 229
1 265 239
1 264 248
1 264 256
1 262 266
1 263 272
1 260 280
1 261 291
1 260 300
1 260 306
1 260 316
1 260 324
1 260 332
1 259 337
1 260 346
1 260 352
1 258 357
1 258 364
1 259 369
1 259 376
1 260 384
1 260 393
1 260 397
1 262 404
1 266 415
1 267 420
1 271 428
1 275 437
1 277 444
1 279 447
1 284 456
1 288 460
1 291 464
1 296 469
1 300 474
1 305 480
1 309 485
1 316 489
1 322 495
1 331 501
1 337 507
1 346 511
1 356 515
1 368 518
1 379 520
1 393 523
1 404 521
1 414 520
1 425 520
1 433 518
1 440 514
1 449 512
1 456 508
1 468 500
1 476 494
1 482 488
1 461 502
1 490 482
1 496 476
1 502 468
1 506 460
1 512 452
1 520 443
1 524 435
1 527 427
1 531 418
1 532 411
1 535 404
1 535 396
# New image 2
2 384 57
2 374 57
2 364 59
2 360 61
2 347 66
2 341 70
2 336 72
2 331 76
2 327 80
2 324 83
2 318 88
2 316 90
2 316 92
2 312 96
2 308 103
2 304 108
2 301 112
2 298 118
2 293 123
2 290 127
2 288 136
2 283 143
2 280 149
2 278 156
2 275 164
2 271 169
2 268 176
2 265 187
2 264 193
2 262 206
2 257 212
2 256 223
2 254 236
2 253 245
2 252 254
2 249 267
2 250 281
2 250 293
2 246 305
2 245 315
2 244 329
2 244 337
2 243 350
2 243 361
2 243 374
2 243 389
2 244 404
2 247 420
2 252 432
2 257 447
2 265 459
2 272 467
2 279 476
2 284 486
2 291 492
2 295 493
2 298 496
2 302 500
2 305 504
2 311 508
2 316 512
2 320 514
2 324 516
2 332 521
2 335 522
2 345 527
2 352 529
2 360 532
2 364 533
2 372 535
2 382 536
2 388 538
2 393 538
2 398 537
2 410 536
2 424 532
2 432 531
2 442 526
2 452 524
2 457 520
2 464 516
2 471 512
2 475 508
2 480 503
2 486 500
2 490 496
2 493 492
2 496 488
2 499 488
2 504 481
2 508 476
2 510 473
2 516 469
2 518 464
2 522 458
2 527 451
2 533 444
2 536 434
2 540 424
2 544 418
2 547 409
2 549 402
2 551 388
2 551 380
2 551 370
2 551 366
2 551 356
2 550 349
2 548 340
2 548 333
2 548 328
2 548 324
2 546 315
2 546 300
2 544 288
2 544 276
2 541 264
2 538 250
2 536 238
2 536 227
2 532 216
2 530 204
2 528 194
2 522 180
2 519 167
2 511 150
2 504 140
2 497 128
2 488 116
2 482 108
2 478 95
2 472 91
2 460 85
2 452 80
2 441 74
2 427 69
2 417 63
2 407 62
2 394 58
2 381 57
# New image 3
3 367 54
3 360 54
3 353 58
3 344 63
3 336 63
3 333 72
3 327 72
3 322 76
3 316 81
3 308 89
3 305 93
3 300 100
3 298 104
3 291 114
3 288 120
3 282 123
3 280 132
3 276 144
3 269 152
3 269 162
3 264 176
3 264 184
3 260 192
3 257 201
3 252 212
3 252 218
3 249 224
3 251 235
3 248 244
3 245 255
3 244 263
3 241 274
3 242 280
3 240 289
3 239 300
3 237 311
3 236 326
3 236 339
3 238 349
3 236 360
3 236 380
3 239 392
3 239 408
3 241 416
3 243 428
3 247 434
3 251 449
3 256 458
3 260 468
3 268 475
3 272 483
3 276 491
3 285 504
3 292 511
3 300 514
3 310 519
3 315 525
3 323 528
3 332 535
3 342 537
3 354 541
3 367 544
3 380 546
3 396 544
3 407 542
3 422 539
3 434 538
3 440 537
3 456 531
3 471 524
3 479 520
3 487 512
3 495 510
3 508 499
3 514 491
3 522 482
3 532 470
3 537 459
3 544 446
3 549 435
3 552 425
3 554 416
3 559 406
3 561 392
3 563 379
3 560 356
3 559 344
3 558 335
3 555 314
3 552 301
3 552 284
3 549 272
3 547 256
3 543 246
3 542 232
3 541 218
3 536 205
3 535 196
3 531 185
3 529 175
3 524 160
3 519 150
3 518 140
3 512 132
3 506 123
3 500 116
3 487 103
3 475 92
3 465 84
3 457 77
3 442 71
3 432 66
3 420 59
3 408 57
3 396 53
3 374 52
3 400 53
3 555 318
